30 30 true 9
L 3 7 9 24 5 
L 3 7 9 27 10 
L 3 7 9 23 1 
L 3 7 9 25 24 
L 3 7 9 23 22 
L 3 7 9 8 9 
L 3 7 9 4 15 
L 3 7 9 12 10 
L 3 7 9 11 24 
L 3 7 9 28 12 
L 6 7 9 2 5 
W 9 5 9 28 21 
W 9 5 9 8 6 
W 12 5 9 20 11 
W 9 5 9 24 23 
W 9 5 9 2 29 
W 9 5 9 11 12 
W 9 5 9 18 2 
W 12 5 9 10 8 
W 9 5 9 21 23 
W 9 5 9 6 16 
C 5 4 9 22 28 0 4 
O 4 4 9 18 29 
O 4 4 9 25 4 
O 4 4 9 1 23 
A 4 4 9 5 25 
O 4 4 9 6 8 
A 4 4 9 15 5 
O 4 4 9 15 27 
A 4 4 9 7 23 
O 4 4 9 11 11 
A 4 4 9 7 28 
O 4 4 9 13 0 
A 4 4 9 26 27 
O 4 4 9 21 2 
A 4 4 9 20 14 
O 4 4 9 19 23 
A 4 4 9 22 22 
O 4 4 9 11 28 
A 4 4 9 2 23 
O 4 4 8 16 28 
O 4 4 5 14 2 
Z 2 1 9 17 26 
Z 2 1 9 11 17 
Z 2 1 9 21 26 
Z 2 1 9 14 10 
Z 2 1 9 17 27 
Z 2 1 9 16 22 
Z 2 1 9 18 4 
Z 2 1 9 27 20 
Z 2 1 9 2 13 
Z 2 1 9 26 14 
Z 2 1 9 26 21 
Z 2 1 9 23 14 
M 0 0 9 6 22 
: 99 0 9 9 26 
; 10 0 9 15 18 
g 0 0 9 10 20 
M 0 0 9 25 18 
: 99 0 9 14 20 
; 10 0 9 8 14 
T 0 0 9 0 4 
: 99 0 9 9 23 
; 10 0 9 20 5 
T 0 0 9 17 8 
M 0 0 9 20 15 
: 99 0 9 1 2 
; 10 0 9 9 22 
T 0 0 9 13 13 
M 0 0 9 4 2 
: 99 0 9 29 8 
; 10 0 9 22 6 
g 0 0 9 11 26 
T 0 0 9 12 27 
M 0 0 9 8 19 
: 99 0 9 14 5 
; 10 0 9 29 18 
g 0 0 9 11 20 
T 0 0 9 24 21 
M 0 0 9 22 12 
: 99 0 9 12 21 
; 10 0 9 16 24 
g 0 0 9 26 16 
T 0 0 9 29 3 
M 0 0 9 25 0 
: 99 0 9 16 7 
; 10 0 9 28 4 
g 0 0 9 5 20 
M 0 0 9 0 11 
: 99 0 9 0 19 
; 10 0 9 17 24 
g 0 0 9 17 21 
T 0 0 9 21 6 
: 99 0 9 11 22 
; 10 0 9 2 9 
T 0 0 9 26 19 
M 0 0 9 0 10 
: 99 0 9 4 29 
; 10 0 9 10 1 
T 0 0 9 15 13 
M 0 0 9 8 20 
: 99 0 9 2 15 
; 10 0 9 0 0 
g 0 0 9 17 19 
M 0 0 9 14 6 
: 99 0 9 23 11 
; 10 0 9 10 19 
T 0 0 9 15 0 
M 0 0 9 22 13 
: 99 0 9 18 14 
; 10 0 9 14 16 
g 0 0 9 9 18 
T 0 0 9 8 1 
M 0 0 9 10 13 
: 99 0 9 22 9 
; 10 0 9 14 21 
M 0 0 8 13 6 
g 0 0 7 4 4 
M 0 0 7 24 0 
M 0 0 7 0 9 
g 0 0 6 11 21 
M 0 0 6 1 10 
T 0 0 6 14 0 
M 0 0 5 21 15 
T 0 0 5 28 3 
M 0 0 5 7 20 
M 0 0 5 12 6 
M 0 0 5 0 8 
M 0 0 4 1 11 
M 0 0 4 8 21 
: 99 0 3 9 24 
: 99 0 3 0 2 
M 0 0 2 23 12 
M 0 0 2 23 13 
M 0 0 1 5 2 
M 0 0 1 7 19 
T 0 0 1 29 4 
M 0 0 0 26 0 
M 0 0 0 1 9 
M 0 0 0 12 7 
