20 20 true 7
L 3 7 7 19 10 
L 3 7 7 9 2 
L 3 7 7 4 9 
L 3 7 7 14 16 
L 3 7 7 3 0 
L 3 7 7 3 10 
L 3 7 7 10 19 
W 9 5 7 12 17 
W 9 5 7 3 5 
W 9 5 7 11 7 
W 9 5 7 0 1 
C 5 4 7 11 17 5 0 
A 4 4 7 5 19 
O 4 4 7 15 18 
A 4 4 7 6 8 
O 4 4 7 19 14 
A 4 4 7 6 7 
O 4 4 7 14 3 
O 4 4 7 8 1 
O 4 4 7 6 12 
A 4 4 7 8 16 
Z 2 1 7 8 0 
Z 2 1 7 6 1 
Z 2 1 7 11 13 
Z 2 1 7 0 15 
M 0 0 7 1 18 
: 99 0 7 17 5 
; 10 0 7 7 9 
g 0 0 7 6 18 
M 0 0 7 5 0 
: 99 0 7 18 5 
; 10 0 7 15 0 
g 0 0 7 16 3 
M 0 0 7 18 16 
: 99 0 7 5 4 
; 10 0 7 9 14 
g 0 0 7 13 10 
: 99 0 7 16 11 
; 10 0 7 10 3 
g 0 0 7 19 8 
T 0 0 7 7 17 
: 99 0 7 19 12 
; 10 0 7 4 13 
g 0 0 7 17 11 
T 0 0 7 8 3 
M 0 0 7 18 0 
: 99 0 7 8 9 
; 10 0 7 4 18 
g 0 0 7 3 11 
M 0 0 6 18 17 
T 0 0 6 7 1 
M 0 0 5 10 2 
M 0 0 4 19 16 
g 0 0 2 15 3 
T 0 0 2 7 0 
M 0 0 0 5 1 
T 0 0 0 7 16 
M 0 0 0 14 6 
A 4 4 0 14 6 
